0.07969442
-0.06292371
0.06443103
-0.015383402
0.037823915
0.03463171
0.018384296
-0.0023307747
-0.0638853
0.004133154
0.025125587
-0.0031176943
0.08155707
-0.075653836
-0.077308126
-0.075608924
-0.011172824
0.054725565
-0.046725985
-0.07963612
-0.049140714
0.034810826
-0.03301353
-0.07273494
-0.028661055
-0.034518473
0.026542071
0.0658463
0.059599277
-0.061519764
-0.069049396
0.041084506
0.00325948
-0.018093966
0.016966721
0.0841268
-0.02909964
-0.0709007
-0.06237073
-0.023491217
-0.033864282
-0.055330284
-0.07393674
0.043542296
-0.038248163
-0.008858452
-0.08448411
0.03445907
-0.030789549
-0.082662284
-0.02214486
-0.06522203
0.073129855
0.07726439
-0.034005646
-0.04858503
-0.041868042
-0.014270572
0.05080394
-0.048334897
0.015917731
0.028985968
0.07554349
0.05238207
-0.025004659
0.037191182
-0.07071972
0.08145184
0.06878702
0.07550912
-0.05009546
-0.048030272
-0.036305305
-0.01657196
-0.061261073
0.0455014
-0.031598087
0.047961652
0.04680989
0.05278209
-0.07232321
0.038151726
0.018503359
-0.0034284932
0.013301647
0.059174296
-0.025831921
0.04520487
-0.028422343
0.06681783
0.07393506
0.040176187
-0.0091713555
-0.016098812
-0.07263802
-0.05121631
-0.0109639
0.014117775
-0.060337283
0.028651005
0.08564006
0.04175271
-0.07190247
-0.039530076
-0.061803326
-0.053570967
-0.02872164
-0.02444296
-0.056921173
-0.06973975
-0.04294163
0.082193844
0.050927266
0.01676789
-0.042199172
0.023283215
-0.0072669606
0.034488186
-0.02908105
-0.029484639
0.011830054
-0.04581831
0.0045430916
-0.0037832032
-0.031330086
-0.054516003
0.07232563
0.04784188
0.014277489
0.06495031
0.0012841763
-0.046764214
0.005522144
-0.007279061
-0.08317577
0.061499055
-0.082036994
0.014343835
-0.070934445
0.015752114
-0.02135236
-0.018490905
-0.07305842
0.08180777
0.018708982
-0.07949201
0.025583072
-0.034693833
-0.009355777
-0.021286888
-0.012697321
-0.08015972
-0.057961296
-0.06660947
0.0566023
-0.04604551
-0.08269616
-0.07023063
0.017488431
0.025257817
-0.052835774
0.0030188167
0.03867946
-0.03656486
0.032210913
-0.000108971784
-0.060064133
-0.005614685
-0.07316584
-0.02377947
0.029541057
-0.056407887
0.03667015
0.01389845
-0.052684974
0.02037037
0.02625708
0.018528713
0.07095813
0.044500243
-0.059854157
-0.027851019
0.07414557
-0.02608063
-0.072816946
-0.031596556
-0.0328341
0.047723625
0.07168388
-0.08428879
0.077640496
-0.018717723
-0.081042744
-0.0042512505
-0.050476868
-0.0032334297
0.01919215
-0.034471195
-0.037497655
0.02569593
0.0050395997
0.027101897
-0.007847554
0.051071674
-0.05320664
0.00088632904
-0.07075762
0.0742059
0.033378072
-0.031794388
0.01120767
-0.00062625005
0.04043684
0.044606622
-0.045275364
-0.07711211
-0.028055904
0.05505065
-0.019472461
0.063661054
-0.024397247
0.034786597
-0.016377062
-0.079942815
0.015409348
0.07115786
-0.020910822
0.021995079
-0.05529377
0.045735996
0.03731231
-0.013797852
0.028486507
-0.04883152
0.054719266
-0.016303374
0.043137107
0.008561889
-0.027157195
-0.063847765
0.065526664
-0.0076146713
-0.031030862
-0.082482345
-0.026338737
-0.06999522
0.0418292
-0.0074210945
-0.06381201
-0.0052098283
-0.04140645
0.07223376
0.018535519
-0.058723595
-0.0714549
-0.066145636
-0.01760464
-0.01641123
0.050792936
0.02179302
-0.034145012
0.0336131
0.032634884
-0.0037813557
0.07488296
-0.0019290578
-0.048762728
0.04840173
0.07880916
0.028124452
0.052589137
0.023525462
-0.013981978
0.015206526
-0.0008552422
-0.028730389
0.043803472
-0.04848812
0.011383565
-0.057571493
0.014363795
-0.009828906
0.068043314
-0.05763304
-0.08173987
-0.05856287
0.061925553
0.051342573
0.0820271
0.06882803
-0.061504584
0.030424863
-0.07234627
0.016604235
0.02780197
0.04463307
-0.0104297595
0.012963952
0.022362264
-0.012797457
0.0020037126
0.0564932
-0.06343223
0.020303154
0.03410511
-0.028350893
0.044953886
-0.040124033
0.06048526
-0.034382697
-0.060165357
-0.0026549553
0.033965044
-0.03639533
0.0015132378
-0.008812806
-0.05440989
0.06713048
-0.062750734
0.05161314
0.03332285
0.08577515
0.0330828
-0.058220737
-0.021364542
-0.08714325
-0.07298516
0.046320416
-0.06588378
0.03939255
0.01174452
-0.047999784
0.04142369
-0.0070660324
0.045910116
-0.016861664
0.06941292
-0.008505693
0.018300878
0.08425467
-0.013251533
0.029603032
0.05629166
0.017541572
-0.05069389
-0.08138215
0.080758795
-0.08561366
-0.028515384
-0.057700682
-0.0024830033
0.07533908
0.019177869
-0.015555056
-0.022333885
-0.0060569514
0.07166892
0.06405798
-0.045777816
0.06706792
0.0722671
0.030285522
0.011937952
-0.051177207
0.0711178
-0.080237284
0.041588694
0.0025806597
0.046711892
-0.010949721
0.057745308
0.0047700596
0.076478735
-0.016880771
0.02193878
-0.037309945
-0.0031040257
0.043971892
-0.032127537
-0.027839996
0.033960745
0.026772305
-0.07041156
-0.01932524
-0.053591106
-0.06141926
0.048951827
-0.0021432485
-0.051600832
0.023480712
0.08145882
-0.022056201
-0.050435357
0.065935455
0.080201656
-0.01940296
0.061585255
0.029133298
-0.03560704
-0.03533863
0.076642826
-0.07702859
-0.042210247
-0.045639623
0.06319931
-0.051003996
0.03376554
-0.04482473
0.05040763
0.02191675
0.045768306
-0.06542647
0.002552756
0.03112218
0.0238895
0.0017690618
0.08051958
-0.0043898704
-0.039088406
-0.08024035
0.025703141
0.0736214
-0.010342411
0.012464162
-0.0017040111
-0.0012285843
-0.010683816
-0.06735517
0.052735656
-0.08265699
-0.0327437
-0.06597899
-0.053090684
-0.061508827
0.049313698
-0.012067874
-0.029402383
0.07039454
-0.07437757
-0.08383948
0.09027472
0.0026513555
-0.02128514
0.029226953
0.060489893
0.06920229
0.054990266
0.053402692
-0.013049826
-0.009053384
-0.0335445
0.05327784
-0.07752284
0.07108381
0.04478832
0.047407664
0.05786609
0.0754128
-0.07314473
0.07044882
-0.0030003043
-0.0005582934
-0.06236238
-0.019400746
0.03859158
-0.048993237
0.03219794
-0.026362242
0.0022353712
-0.07338665
-0.070821896
0.07800153
-0.013079235
-0.07526848
-0.04016291
0.085136965
0.036912844
0.07114383
0.033865444
0.017063286
0.0048398785
0.013474334
-0.00922223
-0.05601118
0.07611205
0.011658645
-0.047481805
-0.069032386
-0.047551036
-0.059194397
-0.058885686
-0.022337465
-0.01874566
0.039038666
-0.06552743
-0.04780617
0.060844857
-0.013376906
-0.04735625
-0.013642922
0.07329621
-0.0055086687
0.0117949
-0.011086782
-0.0761422
-0.056398872
-0.028826708
-0.0047529885
-0.039413273
-0.056778125
0.032798316
-0.06751117
-0.030041266
0.047718424
-0.0466203
-0.07292095
-0.02587757
0.064650446
-0.06565163
0.039931968
-0.01034383
0.046302464
-0.0036470273
-0.012689321
-0.07266855
0.042549826
-0.077043824
0.08314099
0.0074590333
-0.019463465
-0.018650873
-0.02600572
0.059017275
0.04703536
0.02021703
-0.0057738093
0.027525708
-0.05821218
-0.0058276085
-0.048771687
0.035099823
0.021594841
-0.01210434
-0.06816858
0.034322478
0.030512378
-0.028095564
-0.08161278
0.065060936
0.05888269
0.020672105
0.05088572
0.05462313
0.07769955
-0.051747307
-0.0045974995
0.0044922736
-0.022051442
0.0015056059
-0.009217429
-0.036319606
0.00118113
0.012415508
-0.0811834
0.060489945
0.014929118
-0.0024241959
-0.03529351
0.046833865
-0.0074837864
-0.030738842
-0.069510154
-0.036215216
0.052017372
0.082578495
-0.054616638
0.031435013
-0.06726144
-0.08327093
0.04528251
0.061798543
-0.027790459
0.056455955
-0.046698976
0.067521535
0.049905617
0.0035660195
0.04513683
-0.021526935
0.019215437
-0.07347582
0.0031598243
-0.051439904
0.05709409
0.037632946
0.061428517
-0.020316722
-0.0309499
0.00024867945
0.032150876
-0.06986088
-0.079549074
0.034516923
0.06424707
0.06856301
-0.06316877
0.034090918
0.0034886978
0.043354854
0.011820151
0.023048438
-0.07865607
-0.016392043
-0.0020171055
0.050333824
-0.046917308
0.04365583
-0.04199561
0.0081130015
-0.013171771
-0.051564965
-0.04627672
0.056481633
-0.046941742
0.01326163
-0.07818844
0.04579971
-0.041248556
0.015502055
0.064942054
-0.015676742
0.043948162
0.01315024
-0.071428984
0.06514004
-0.026400115
-0.028531842
-0.06697693
-0.0855659
-0.034072388
-0.06574668
-0.04201812
-0.032718293
0.05966043
0.03698137
0.07907077
-0.00968481
0.014654407
-0.08008069
0.018835342
-0.030676296
-0.03912021
0.021324687
-0.07661317
-0.07733497
0.009962114
0.022094514
0.042327225
-0.017940579
-0.028932275
-0.009501781
-0.06505002
0.060366668
-0.056468077
0.027508901
-0.0022442332
0.05467045
0.0728071
0.08532847
0.005787729
-0.018135652
0.071221545
-0.0537579
-0.015832182
-0.016031394
-0.076972075
0.008252225
0.077038914
0.08127406
-0.07348271
0.05297564
0.027428044
-0.060740914
0.033649307
-0.081568584
-0.07023738
-0.03594306
0.0801351
0.01286988
-0.015451309
-0.07141297
-0.010130407
-0.043978345
-0.051546846
0.062305275
-0.053339746
-0.07564568
0.03494893
0.03147668
-0.04814964
0.00978687
0.053150404
-0.053665694
0.0047307275
-0.07039068
0.018161044
-0.06581162
-0.05903431
-0.028443817
0.07724904
0.025034478
0.012376907
-0.027488263
-0.018065229
-0.060829382
0.07310381
0.00047860024
-0.020081734
-0.023515522
-0.0670177
0.072074905
0.024163103
0.050057247
0.048593093
-0.035356935
-0.010195806
-0.06332864
0.06025854
0.040992796
0.035976447
-0.06224458
0.022051906
0.08468654
-0.06992726
0.07138106
0.05078447
0.06780701
-0.016111322
-0.0096249385
-0.01704042
0.04765873
0.02686698
-0.01686868
0.07708634
0.019532522
0.020552231
0.01625964
0.029094554
0.04758375
0.08561314
0.01749984
-0.036156986
-0.058878448
-0.003296415
-0.04492656
-0.06322605
0.025237286
-0.07857586
-0.055453725
-0.03812351
0.036020666
-0.030010551
0.053272877
0.04430491
-0.028838616
0.06740391
-0.020868802
0.050436974
-0.06806131
0.06633806
0.03858273
-0.0042684497
-0.0744019
-0.023312744
0.045386463
-0.07280006
-0.010587009
-0.07308075
0.038986325
0.05146122
-0.06000791
-0.016033506
-0.0022253697
0.04296643
-0.051666904
-0.064860016
0.0485405
-0.075799994
0.0050853053
0.01639561
0.050203476
-0.036785055
0.085652396
0.065843716
0.08412211
-0.04873742
-0.045901317
0.03131524
0.079714715
0.009313284
-0.0151589895
-0.0336577
0.06481178
0.04236036
0.043836042
-0.05413297
0.012708368
-0.03442261
-0.029138796
0.057464503
-0.07890114
-0.052542973
-0.036039174
-0.060315505
0.0041641365
-0.061675675
0.0007176164
0.021425886
-0.002668588
0.0246443
-0.05769342
-0.063046835
0.048854128
0.07511119
-0.07592902
0.013644902
0.03591611
-0.08183766
0.08080886
0.0113975415
-0.005656134
0.02659694
-0.0069554923
-0.07375892
-0.024387386
-0.065032214
-0.059251662
-0.06387363
0.015077157
-0.051215213
-0.05495489
0.0096278945
0.07771303
-0.008694664
-0.036469337
0.05093719
0.06623726
-0.04416329
-0.01387603
0.036255956
-0.05359106
0.04342002
-0.068800025
0.06637962
-0.0040971315
-0.036613867
-0.04526624
0.039176736
-0.050734214
0.019247523
0.07733738
-0.0535717
-0.049550384
-0.08181358
0.05480648
0.06353101
0.08341489
-0.057008203
0.058073238
0.031005798
0.049207114
0.083353184
0.021703282
0.08533773
0.00045027636
-0.08060828
-0.03621125
-0.009620904
0.059139047
0.030557135
-0.029677354
0.0861582
-0.030211305
0.024122525
-0.018802963
0.018897254
0.0708293
-0.050368726
0.010300444
-0.041791722
0.009690209
0.010818713
0.07475692
-0.030315267
-0.022551201
-0.010203924
-0.03296765
-0.07800686
0.08007422
-0.031357735
-0.014728061
0.08168045
0.07039611
-0.005378043
-0.045598518
-0.012090197
-0.005669011
0.07363836
-0.037108116
-0.06990729
0.016472263
0.07838175
0.069785185
-0.002896093
-0.036137313
0.040192496
-0.06263878
-0.081672445
-0.0051804683
0.02403166
0.018452987
-0.036645614
0.0076989285
-0.0775994
0.04177117
-0.021097684
-0.05131705
-0.077157214
-0.004738019
-0.06821458
0.08388128
0.037702527
0.064217776
-0.07200159
-0.056992147
-0.06541812
-0.008208797
-0.014036712
-0.044893313
-0.014784296
0.065771095
-0.028217614
0.023392752
0.053049453
-0.021802235
0.0447887
-0.08221952
-0.071565896
-0.05945124
0.029514918
-0.027441839
0.026066246
0.012889576
0.016024109
-0.02993424
-0.033741772
-0.04314538
0.034386277
0.02575237
-0.08356346
0.039467957
-0.06677908
-0.00077615393
0.07932125
-0.03436277
-0.009056356
0.034660317
-0.043540917
-0.060092136
-0.01621683
-0.0479415
-0.032319393
0.08508299
0.040296968
0.06776982
0.06144853
0.017384395
0.05369626
-0.017771676
0.022788994
0.064105205
-0.07847713
0.06344886
0.014554786
0.040407427
-0.027768936
0.077450946
-0.008563017
-0.025801836
0.011410277
-0.038526233
0.008403049
0.0595907
-0.05505667
0.0032516546
0.017687427
0.04436027
-0.07220776
0.013326064
-0.07679598
0.08429289
0.0032206436
0.0109887505
-0.08588867
-0.07531193
0.012199758
-0.0019791254
-0.005996388
-0.07923257
-0.076045625
-0.05002423
0.07373631
-0.060313825
-0.023147032
-0.086539105
-0.028512523
-0.035178997
0.07656436
0.040553655
0.06024198
-0.049528543
0.067689024
-0.0060346005
0.055365216
-0.02093041
-0.038682636
-0.048178747
0.059059948
-0.06794478
-0.02023978
0.07878524
-0.038849223
0.06619235
0.038388062
-0.042400803
0.006580848
-0.051546294
0.08602762
0.04490137
0.03659314
-0.055958144
-0.07354728
0.0019882189
0.07802482
-0.028974922
0.011230724
0.024249611
-0.02040563
-0.016526425
-0.017590636
-0.027812168
0.04483198
0.07192642
-0.03628493
-0.08426396
-0.0144153815
0.034288336
0.068941996
0.019591171
-0.0130643835
-0.019460542
-0.051307335
-0.032377128
0.06150866
-0.051865708
0.08352109
0.06937014
-0.05033767
-0.04949421
-0.01629231
0.022173725
-0.0031131976
-0.019257898
0.029042559
-0.08086523
-0.011693627
0.030067312
-0.021445127
0.073241755
0.012632339
-0.03142347
0.08037039
-0.073235266
-0.012356068
-0.00608394
0.00049728394
-0.07489866
-0.0035687226
-0.06059029
0.05156392
-0.037456993
-0.031628024
-0.020551575
-0.009407452
0.06155908
0.0736361
-0.040597737
0.036142975
0.048551925
-0.05426545
-0.06416743
0.0394767
-0.04197025
0.012385405
0.048175737
0.009932035
-0.043624535
0.03071358
0.05222503
-0.018899104
0.022558805
0.012909191
-0.041181874
-0.025516417
0.06401495
-0.08584665
-0.055225775
0.00019235653
-0.014993683
0.0057067904
-0.0054008397
0.07047757
0.059442285
-0.01013611
-0.05668091
0.055877533
0.06527906
-0.020244734
0.0061094277
-0.07875579
0.04882448
-0.085927
0.030929822
-0.03782483
-0.07762572
0.047907438
-0.070684955
-0.019432154
0.05929384
0.06761918
0.010313649
0.050211962
-0.081003405
-0.023697864
0.056785733
0.059659522
0.04186247
0.04701627
-0.0059497254
0.07737839
0.03828794
0.05602039
-0.074057944
0.06954179
-0.07718548
-0.020250065
0.07884762
-0.026325453
0.032939132
0.043617778
0.016560348
-0.025896644
0.021022275
-0.048941977
-0.07650622
-0.035979122
-0.021068238
-0.077572085
0.015950082
-0.042470697
-0.0037687863
8.6869084e-05
0.071842164
0.026526975
-0.012558165
0.07053097
-0.030629503
-0.018016497
-0.003952874
-0.041020136
-0.025704073
0.010157091
-0.013494128
-0.012246034
0.03344283
-0.0091106305
-0.012139692
0.06142336
-0.018428909
0.017483573
-0.016517872
-0.017292049
0.018179681
0.055777986
0.02822943
0.06486155
-0.027424986
-0.028785616
-0.013651478
-0.024878303
0.08387844
0.00012616992
0.073555425
-0.016930133
0.069249794
-0.0735979
-0.074983545
0.0025484026
-0.06937933
-0.020022582
-0.04366171
-0.048145838
0.07277145
-0.030841313
-0.027393965
-0.004731332
0.028657096
0.074885115
0.011818983
0.06572857
0.0694669
-0.032819923
0.04427577
0.084107585
0.01816641
0.021936059
0.0033700387
0.060558878
-0.02681408
-0.08030139
-0.039841715
-0.058468707
0.025721531
-0.044875465
0.023329187
0.026881037
0.06659881
-0.03519778
-0.068471834
-0.07246264
-0.023899332
-0.05436523
0.054795377
-0.023034008
-0.021791453
-0.04885095
0.054094665
0.024987925
0.019408131
-0.020318469
0.023465822
-0.0374112
0.04158384
-0.025252046
0.07621747
0.06970526
-0.0007563845
-0.0698239
-0.056143284
-0.005996294
-0.057376783
0.067129456
-0.046046887
0.06287329
0.08064734
0.016005998
-0.043456715
-0.039472785
0.063584104
-0.05802896
-0.026193995
0.04450001
-0.0050549773
0.01068414
-0.034776133
0.037120253
-0.03567415
0.08099688
-0.052880123
-0.060514495
0.07671817
0.019626351
-0.02717117
-0.06829352
0.008573884
0.065315105
0.040158182
-0.07086449
-0.03784269
0.024404615
-0.02817492
-0.041240774
0.08609853
0.08043152
0.07865671
-0.05023354
-0.04027877
-0.008294338
-0.028585814
0.036840428
-0.048445247
0.067170344
-0.055539086
0.02992667
-0.06200608
0.011466357
0.03773625
-0.036439445
-0.029046094
-0.034876645
-0.011838865
0.053563595
-0.07629312
0.0059363465
-0.07585327
0.050896496
0.08146826
0.014923196
0.039314922
-0.05535252
-0.07188803
-0.073361516
0.014865565
-0.0790687
0.028109526
-0.064349376
-0.01195431
0.046556685
0.01134296
-0.05814218
-0.012302302
0.0547906
-0.013618069
0.010835894
-0.068088464
-0.06044357
-0.051316775
0.07543954
-0.023824893
-0.04752328
-0.017353315
0.025456306
-0.03168173
-0.040517148
-0.07864846
-0.08285764
0.051242772
-0.06240169
0.0462732
-0.0638844
0.0257891
-0.0770812
-0.040877596
0.048933048
0.05082823
-0.036932014
-0.015321752
0.018446723
0.0021591603
0.055277124
-0.0120060565
0.060635053
-0.039286513
0.027037501
0.030445723
0.043276597
-0.042675655
0.07773079
-0.044091973
0.03856486
0.004960247
0.0048118085
-0.016951615
-0.06025993
6.4458065e-05
-0.037873436
-0.03589523
-0.06882466
0.058738522
-0.007933668
-0.07160982
0.05588156
0.060337164
0.049993433
-0.052393552
-0.085454725
0.0065836282
0.051250797
0.0062328503
0.08156844
-0.02002366
-0.023989819
0.06864728
-0.060224865
0.013973968
0.07499264
-0.08090599
-0.009099287
-0.06770187
0.019314632
0.018322911
-0.015529525
0.042612385
0.01777682
-0.056148954
-0.011644494
0.018164672
-0.0033586037
0.044765055
0.06349118
-0.06979911
0.06595194
0.04050862
0.009684891
0.03240314
0.036233008
0.03393443
-0.00063940603
-0.030857192
0.00565754
0.08312364
0.01923184
-0.052492145
-0.035915952
-0.04025653
-0.027257882
-0.00581624
0.044259068
0.009490173
0.06615826
0.021104068
-0.032721076
0.03792419
-0.036104225
-0.0129889855
-0.07986248
-0.058878697
-0.022738451
0.047557205
-0.021674376
0.019880502
-0.05746958
-0.010653512
0.029573524
-0.07995276
0.049583882
0.059182774
0.08005312
-0.04344712
0.011861105
0.049712833
-0.008737621
-0.060942035
0.05982847
0.04571799
-0.06950547
0.050204962
0.08382523
-0.03393898
-0.022687992
0.06974803
0.0064795674
0.04943281
0.069323584
0.040511683
-0.06376426
0.0727725
-0.021585217
0.002982893
0.02705368
-0.0650165
0.02874822
0.025736913
-0.041285504
-0.06536441
-0.024329757
-0.044498738
-0.06829899
0.043713313
0.054666165
0.010771353
0.029887147
-0.027895682
-0.021168113
0.08222158
0.059329323
0.006568317
-0.037108302
-0.08006162
-0.018147308
0.056784347
-0.0829389
0.028817158
-0.046028275
0.024217887
0.06700121
-0.001495739
-0.015499452
-0.07998902
0.0736615
0.07444958
0.015594761
-0.033031095
0.08071065
0.07142513
0.0022152413
-0.074553825
-0.050499503
0.047541656
-0.037207093
-0.06310767
0.07965603
0.075787716
-0.040715337
-0.06776286
0.057546075
-0.07444159
0.059561227
0.03998183
0.07477143
0.06510748
0.037896518
0.067693315
-0.07227718
0.028652402
0.025917776
-0.029790584
0.042159893
0.013849735
0.05067323
-0.018484285
-0.074184395
0.037740115
0.02456604
0.030241393
0.06892052
0.07209135
0.04176963
0.031488243
0.07583259
-0.06294949
-0.021170402
-0.0783436
0.04678649
-0.026073033
-0.050759174
0.046914633
0.070615046
-0.045578692
0.012531808
-0.005779938
-0.05489383
0.077509284
-0.030221991
-0.0047387206
0.025548369
-0.026318101
0.024105147
-0.07576354
0.032412224
0.010570528
0.06727285
0.08057034
-0.024354788
-0.06585965
0.00543845
0.0126244845
0.028919227
-0.010371465
0.07362156
-0.03337873
-0.03170065
0.0034637738
0.033116534
0.0517046
-0.08012834
0.03785376
-0.073654175
0.053793818
0.032008648
-0.060478598
0.049420238
-0.07309966
-0.018868184
0.01985684
0.0675419
-0.067022845
-0.041228924
-0.022802347
-0.062152043
-0.023993436
-0.009075064
-0.03325482
0.005224353
-0.077261895
0.055802025
-0.033452135
0.034952365
-0.017797744
0.008883162
-0.072494835
0.0031730349
-0.02630388
-0.034865007
0.029214246
-0.015217024
0.07657719
0.01029413
-0.043899857
-0.021772282
-0.07977795
0.014749042
-0.049622282
-0.051215634
-0.034408752
-0.013122843
0.05298891
-0.0034586466
-0.043154113
0.04079448
-0.07980735
0.048426915
0.01913837
-0.057622567
0.054085776
-0.030496752
-0.022953225
0.060563553
0.06391305
0.07334017
-0.04047021
-0.044866066
0.052683666
-0.016224975
-0.022927484
0.008018022
-0.04088124
-0.015390235
0.0447943
-0.07329068
0.0548464
-0.026992358
-0.048598956
-0.044487167
0.027141748
0.07138097
-0.0112072015
-0.011110307
-0.012425202
0.07916515
-0.082337715
0.063267864
-0.05541015
-0.05677759
0.021245252
-0.07221763
-0.049874682
0.053254183
0.058935788
-0.06939819
-0.056093194
-0.06780223
-0.0052815676
0.071008414
-0.020367354
-0.049919326
-0.06401106
-0.035713058
0.034448117
-0.013407128
0.0200084
0.021128213
-0.079993926
-0.036809385
-0.004821255
-0.006938715
-0.03717025
0.018405803
0.049167976
-0.040026017
0.056275543
0.049334574
-0.025063837
0.0593912
-0.074740306
-0.048464283
-0.065302975
-0.07357246
0.0278278
-0.0421064
0.008076182
-0.06868909
-0.040054366
-0.073051006
-0.06422876
0.0013124428
-0.060884573
-0.0023804563
-0.010134808
-0.07582551
0.016365405
-0.042043578
-0.008824677
-0.05368653
0.061180856
-0.025550827
-0.07068448
-0.022336626
0.03944579
0.039075036
0.032473177
0.070290454
0.039286748
0.057136446
0.044173222
0.055914365
-0.04151494
-0.009551392
0.013147881
-0.068070754
-0.015940225
-0.018764911
-0.023723418
-0.028880203
-0.035834055
-0.050007544
-0.06661631
-0.061628837
-0.04031336
-0.0030563914
-0.060146492
-0.07521685
-0.04897724
-0.069051646
0.02660088
-0.022104379
-0.041638624
0.026754634
0.064858176
0.029532546
0.002796778
0.08425621
-0.010600603
0.05888793
-0.0021911438
-0.046756245
0.0351152
-0.010627741
-0.012584373
0.0030115996
-0.025455652
0.019305952
0.07181015
-0.06066672
-0.031089542
-0.012506767
-0.053378034
0.025591379
0.0098693585
-0.046418805
0.058124457
0.0705692
-0.0058734342
0.07135838
0.033576373
0.03396495
-0.039031986
-0.08188925
-0.042354934
-0.047834694
0.011741801
-0.05219157
0.016656755
0.036957767
0.039419327
-0.004620684
0.01526292
-0.0020263002
-0.07863143
-0.07518642
-0.0780461
0.012421509
0.009790335
0.03412344
-0.046878118
-0.0452091
0.03804124
0.04804542
0.024211647
-0.058624964
-0.0034821641
-0.031415943
0.0133800665
-0.055234797
0.05418327
-0.05327949
-0.061218943
0.0669541
-0.02159218
-0.068498656