0.27390394
-0.30796233
-0.18297577
0.2979154
0.33509886
-0.057450183
-0.15800503
-0.16259073
0.05249714
-0.10766671
0.16279204
-0.23341954
0.27436268
0.27572224
-0.3188705
0.24115871
0.32466236
-0.20758644
-0.26850373
-0.0011999262
-0.039327513
-0.3266378
0.13230263
0.29702264
0.26890278
0.0046815514
0.044593636
0.20956282
-0.27444926
-0.0835114
-0.15378802
0.26701638
0.19591115
0.015781559
-0.078821585
-0.27012625
-0.16734682
0.18882291
-0.3076233
-0.31672066
0.0658235
-0.10450431
0.016655786
-0.06802586
3.0352337e-10
0.21630725
-0.0447797
0.117291436
-0.048569128
-0.34120032
0.2270602
-0.31593207
-0.28779733
-0.027464315
-0.2991138
0.16397472
0.262334
0.29933465
0.10722201
-0.040194694
0.030875074
0.17453246
-0.122107975
-0.25484052
0.30799177
0.138901
0.15999119
0.09004733
-0.24764338
-0.11306397
0.05096804
-0.14900869
0.21188141
-0.11302076
-0.101247065
-0.16367395
-0.14829496
0.33941767
-0.0958262
-0.15584682
0.27485043
0.015915886
0.12803815
-0.29085442
0.044908993
0.282749
0.24303381
0.18815994
0.19979192
0.17220715
0.18397298
-0.1671496
0.031936396
0.171897
-0.2569962
-0.27229428
0.22622178
-0.31205055
0.19421877
-0.02468561
0.0023300638
0.13192502
0.25021353
-0.15020888
-0.08480642
0.10941656
-0.10598697
-0.32271817
-0.047258496
-0.1828261
0.22606596
-0.035187252
0.3040246
-0.28711814
-0.33755872
0.098755896
-0.22722133
0.06501054
0.15008336
0.15921788
0.17641963
0.17430206
-0.21371993
-0.27729568
0.08628902
-0.046385266
-0.15996715
-0.30080324
0.067277394
0.22465378
-0.19828269
-0.08725659
0.16757768
-0.03016691
-0.16188046
-0.11184933
-0.092188664
-0.20623523
0.021621801
0.098791786
-0.017335508
0.008007982
0.22810774
-0.25625023
-0.24577671
0.2520967
0.029059812
0.33575898
-0.19967425
-0.08584118
0.034097005
0.012992899
0.0051383725
-0.11372175
0.009071008
-0.2895856
-0.21774982
-0.23571508
-0.0671492
0.23471107
-0.027536536
0.32202765
0.32995558
-0.29253188
-0.2689008
-0.29641148
0.25788707
0.07061916
0.018538754
0.18765849
0.068003744
-0.18187112
0.1261142
-0.019717472
0.07852882
-0.33906323
0.035102166
-0.23097402
-0.1904202
0.26222563
-0.106772766
0.1837572
-0.25872755
0.15817766
-0.33245867
-0.27124244
0.00067215256
0.163316
-0.28771123
0.268627
0.30421644
0.15183595
0.025466584
-0.09891647
0.254031
0.11546342
-0.16764672
0.1126798
-0.22986004
0.15726185
-0.101585336
0.11946963
0.31015038
0.083659746
-0.042432584
0.14841047
0.061478894
0.188377
0.18751854
0.0026535676
-0.3328436
-0.036710132
0.21794575
-0.21342732
-0.13015604
-0.26693502
0.30911726
-0.20441228
0.20732641
-0.23200251
-0.23040055
-0.07867465
-0.036575295
0.16795461
-0.24532795
0.149095
0.046460114
-0.22538519
-0.017498517
-0.1697012
-0.17327087
-0.0545139
0.16384317
-0.18617733
-0.28438452
-0.24704526
0.012661485
0.2572221
-0.25392058
-0.22840217
0.3228851
-0.21420126
-0.06361062
-0.24088302
0.16932434
-0.032768622
-0.014392421
0.119842045
0.02512185
0.062484406
0.058838416
-0.3339478
0.06827337
-0.3200728
-0.18175326
-0.15615122
-0.1766774
-0.069018155
0.089405626
-0.13214432
0.3030731
-0.087815076
0.15157074
-0.2525349
0.00096617546
0.191701
0.09615802
0.048151247
-0.059829675
0.11221579
0.21418934
-0.20173408
-0.10963117
0.07642706
0.28023323
-0.3038271
0.24506527
-0.23005314
0.17709151
-0.12158105
-0.003923157
0.12541245
0.17467272
0.24186073
0.24988954
-0.0006386143
-0.3037005
0.11373327
0.32177603
0.32740226
0.2224572
0.032826487
-0.2971261
0.07539351
-0.33983216
0.1646209
0.18559502
-0.11970377
0.10212399
-0.07634669
-0.00097551144
-0.18351237
0.090688996
0.18618408
-0.1660599
0.049658336
0.21450861
0.00085539575
-0.038981106
0.13936207
-0.25085965
-0.1256605
0.18309008
-0.018000681
0.09321245
-0.16922778
-0.29154295
-0.26649955
0.221545
9.832111e-07
0.31308433
-0.13210227
-0.2579881
-0.25329763
0.11640392
0.023020057
0.33917996
-0.06371197
-0.2673338
-0.10512617
0.17944343
-0.013302469
-0.11235692
0.19452654
0.036834963
-0.0012315882
-0.23096822
-0.18019436
0.15777189
-0.16934474
0.073098354
0.1004242
-0.12220134
0.16035491
0.31296304
0.12574363
0.09093663
-0.13790216
0.09664365
0.20678295
0.3195611
0.27212915
0.06422935
0.13446376
-0.3392483
0.28320056
-0.027659616
0.20098762
0.31152007
0.049091622
0.11711806
-0.004689415
-0.2061757
-0.24941662
-0.20748334
0.07055789
0.1291359
0.009580366
0.018144133
0.01762808
0.26893342
0.21440378
0.18813972
-0.28609225
-0.19792755
0.20646574
-0.14521681
0.14271013
-0.17516877
-0.19363485
0.17637932
-0.09171629
-0.12834123
-0.30679724
0.19910242
-0.000567454
0.13564296
-0.20146336
-0.20328584
0.16762207
-0.14545895
0.08798259
-0.015842035
-0.14491433
0.34429073
0.019827694
0.20852157
0.2981209
0.16295439
-0.27577457
0.20900014
0.1898193
-0.20409939
0.063909546
-0.043826684
-0.082498945
0.28261074
0.13707617
-0.129179
-0.28792527
0.105103165
0.09291242
0.11986342
-0.0046748095
-0.100050986
0.048273854
0.27690163
0.15322323
-0.19488299
-0.112236336
0.025872143
-0.074017756
-0.25221762
0.27706605
0.037175585
0.028056461
-0.08940176
-0.26816252
0.04704734
0.02212477
-0.2392279
-0.3105329
0.051786885
0.08745451
-0.1710204
-0.19257957
0.2802412
0.29169756
0.08601257
0.22246529
-0.011549528
-0.004354826
0.24426587
0.23869234
-0.037918344
0.12759253
0.18908411
-0.071224
0.15921293
-0.33011073
-0.1787436
-0.06910345
0.045568656
-0.029347979
0.32454994
0.32804018
0.2930832
-0.3018912
0.26954514
0.20942283
-0.18535738
0.28072992
0.3270291
0.14997895
0.09178701
0.024463363
0.07142365
-0.19253406
0.06882142
0.18197729
-0.26731014
-1.0936718e-05
0.05498466
-0.11020728
0.10215133
-0.19003049
-0.32832232
0.27464563
-0.161481
0.15446374
0.32215995
-0.19773565
-0.30951828
-0.12223989
-0.0010075138
0.22899003
-0.047014233
0.25472397
0.03482534
0.19837852
0.20524016
0.11913209
-0.0041105715
-0.27972397
0.33172315
-0.1914308
0.14764574
0.0049347263
-0.2845098
-0.25535694
-0.058864333
-0.21657899
0.15419959
0.2384388
0.21280296
-0.0012711299
-0.26190794
0.068386436
0.105543695
-0.15179811
-0.20280457
0.26848167