129.241  -37.7122  41.4092  52.5665  -20.3429  84.5779  89.5023  45.1658  141.701  -72.0561  177.068  119.414  28.5143  175.577  141.989  89.834  
129.573  -37.4012  41.6055  52.9755  -20.3429  85.2432  89.5023  44.6389  141.343  -70.9078  177.068  119.527  28.3011  174.889  141.605  89.834  
129.573  -37.4012  41.6055  53.0284  -20.2117  85.2432  88.7342  44.6954  141.241  -70.9078  175.954  119.739  28.0191  175.302  141.752  89.6544  
145.99  29.4754  36.7031  28.1084  -34.3919  75.5164  95.887  49.2331  117.264  -77.675  165.927  133.733  16.4072  167.708  113.477  92.3725  
146.229  30.4835  36.7031  27.6774  -34.1736  75.2609  96.0793  48.758  117.106  -77.2874  165.927  133.25  16.5995  168.624  112.518  92.3725  
146.229  30.4835  36.0721  27.6137  -34.1373  74.5644  96.0793  48.6974  117.222  -77.2411  165.423  133.09  16.7033  168.624  112.342  92.0716  
121.95  32.1181  64.0207  23.6719  -25.9827  49.0443  85.8644  35.9419  76.9352  -79.5175  114.107  103.968  23.2335  143.345  93.4182  105.542  
121.461  31.4268  63.7192  23.8959  -25.9827  48.9573  84.5514  35.4909  75.8614  -78.6146  114.064  104.394  22.8468  142.468  92.5451  105.562  
121.237  31.4268  63.6962  24.2605  -26.297  49.1963  84.379  35.7017  75.4329  -78.5779  114.064  104.689  22.8048  142.326  93.5104  105.562  
107.757  17.8171  52.7498  70.1801  -31.9447  20.2226  61.4578  44.1105  45.0258  -80.252  69.554  61.1294  10.6708  95.0629  69.2935  66.0929  
107.757  16.9313  52.6922  69.7511  -31.9447  19.9598  61.4766  44.2709  43.3659  -81.2673  70.0941  62.1878  11.2065  95.3276  67.8249  65.3243  
105.648  15.5763  52.6922  67.2538  -33.3354  19.9598  63.1854  44.2709  44.8125  -83.5791  71.817  62.8845  11.2065  95.3276  67.5473  64.6225  
42.4963  -6.57388  48.4802  22.5056  -22.2182  5.23742  51.1881  27.4179  -11.15  -26.8226  23.3812  67.481  45.0578  29.6862  14.9536  40.5203  
42.4963  -6.58771  46.5714  21.6932  -22.0025  5.6882  51.1881  28.1737  -11.1403  -25.8453  22.8462  67.6968  46.9228  29.9763  14.9536  41.1454  
40.3538  -6.95656  46.7482  24.1645  -22.0025  5.6882  50.6304  28.1737  -10.6559  -25.8453  22.8462  67.6968  46.9228  30.1267  14.4073  41.1454  

153.876  -8.1023  -4.53446  66.5157  -32.1638  66.6051  105.55  41.5958  156.833  -49.4391  244.484  168.047  41.1168  164.802  163.647  115.91  
154.739  -8.4961  -4.53446  65.876  -32.3098  66.6051  106.059  41.5958  156.833  -48.6451  245.309  168.047  41.1168  165.849  163.565  116.178  
154.739  -8.53836  -4.86434  65.876  -32.1275  65.9861  106.059  41.6805  156.652  -48.6451  245.318  167.781  41.3365  165.911  163.283  116.178  
163.748  33.6847  52.3722  63.3942  -43.9888  73.8333  112.868  42.5155  162.896  -61.7187  236.806  174.337  21.7015  172.255  172.609  108.947  
163.488  33.6353  52.5298  63.2608  -43.9375  73.8333  113.046  42.5529  162.763  -61.7531  236.806  174.088  22.0477  171.382  172.066  109.238  
163.141  33.1879  52.5298  62.9047  -43.7477  73.6904  113.08  42.5529  162.197  -61.9257  236.714  174.088  22.0477  171.297  172.066  109.238  
154.284  81.1906  58.0799  40.6096  -50.6412  12.2751  83.5343  15.5532  131.817  -33.8658  184.574  136.627  48.8752  139.01  137.675  111.124  
154.132  81.1906  57.8547  40.6096  -49.8389  12.4091  82.6976  15.5532  131.817  -33.3722  184.625  136.098  50.0542  138.799  137.787  110.963  
154.243  80.2925  57.9168  40.2563  -49.8389  12.469  82.1634  15.8855  130.555  -33.3722  184.731  136.084  50.0542  138.909  138.106  110.848  
88.4401  60.8048  50.5133  41.0281  -46.5616  10.8022  91.9057  -0.195822  73.6401  -35.0998  114.714  134.843  13.3079  96.4265  80.6928  83.7662  
89.0441  60.8048  53.1753  40.7802  -46.5616  9.18148  90.6247  1.19628  73.6401  -34.0099  113.247  133.532  14.2425  96.4651  78.6701  85.4166  
89.7787  58.2578  53.1753  41.4438  -47.2963  10.3977  89.2587  1.21293  71.6848  -33.35  113.196  133.014  14.2425  96.7602  81.1971  85.4166  
74.7219  60.5749  32.021  15.9975  -18.1478  3.48641  38.3155  1.09336  35.6354  -39.8816  46.9511  52.9556  37.7019  46.4997  22.3052  67.3981  
74.7219  60.5749  32.021  17.425  -20.6454  3.48641  33.944  -3.34979  37.5468  -44.6232  51.3612  55.734  36.2619  46.4997  22.3052  64.2957  
75.0913  57.6261  31.6369  17.425  -22.5122  0.123677  35.1115  -5.73402  37.874  -39.8375  53.1313  55.734  35.9358  45.3334  22.4783  67.066  

127.332  -16.8854  1.82678  83.8611  -24.2277  48.066  126.082  23.6078  173.855  -56.4451  271.224  194.209  60.5149  168.384  169.564  129.446  
127.128  -16.4435  1.90129  83.8611  -24.0362  48.066  125.351  23.5612  173.855  -56.8357  271.049  194.209  60.6947  168.384  169.653  129.396  
127.128  -16.4435  1.95596  83.4266  -24.0362  47.5807  124.068  23.2594  173.774  -56.8357  271.049  194.21  60.7044  168.231  169.653  129.396  
169.835  21.8518  49.0351  78.1645  -52.1671  72.477  107.252  24.62  187.331  -49.0274  262.44  173.462  28.6638  175.484  180.714  117.499  
169.835  21.6468  49.0351  77.6678  -52.0639  72.3542  107.597  24.3847  187.624  -49.0274  262.427  173.386  28.4094  175.484  180.714  117.499  
169.542  21.3551  48.9607  77.6017  -52.0639  72.3567  107.637  24.3847  187.624  -49.0948  262.427  173.243  28.1886  175.623  180.485  117.26  
159.267  40.7992  67.1825  57.813  -65.6312  52.6524  101.647  16.3019  147.197  -50.6968  194.268  153.242  32.733  171.743  135.472  109.714  
159.398  40.7992  67.1825  57.5972  -65.1387  52.6031  101.692  16.3529  146.948  -50.602  194.211  153.171  33.0313  171.892  135.315  109.714  
159.398  40.4746  66.9219  57.5205  -65.1387  52.7255  101.692  17.1757  146.743  -50.5121  194.121  152.889  33.2382  171.892  135.231  109.562  
142.011  42.3424  70.0107  21.9793  -45.002  32.742  77.1659  16.6929  98.8747  -59.2646  109.796  125.74  29.7167  120.636  96.523  91.5735  
141.966  41.5906  70.0107  22.4608  -45.002  33.2296  78.6327  16.6929  98.7109  -59.2646  109.631  128.832  29.2342  120.748  97.9029  91.5735  
141.606  42.4712  70.1068  22.4608  -45.3839  33.2296  79.2414  17.9924  101.05  -58.7057  111.116  129.524  29.2342  120.748  97.9029  91.9948  
77.1621  62.1566  67.1619  23.4609  -36.2928  12.5957  59.2323  27.7481  27.6607  -40.7384  72.1488  90.1806  8.15378  98.0751  55.6085  99.6703  
79.3017  61.1304  71.6681  24.2537  -34.3126  12.5957  59.2323  27.7481  27.6263  -40.6956  67.9921  87.8413  8.98171  98.0751  55.6085  94.6586  
83.8083  59.5627  71.9708  28.7604  -34.3126  16.2792  57.501  21.9251  25.6616  -34.8486  69.8561  84.51  12.7452  93.2382  55.5034  89.8264  

133.07  17.2546  -12.1507  72.4512  -19.5204  34.7868  116.182  10.7901  192.233  -61.3538  268.461  205.891  67.9037  142.419  164.291  119.489  
133.16  16.5109  -12.1507  72.4512  -19.6249  35.0541  115.955  10.6069  192.233  -61.3538  268.293  205.886  67.9229  142.448  164.379  119.509  
133.16  16.0352  -12.5189  72.2849  -19.5408  35.143  115.894  10.6377  191.96  -61.5348  268.147  205.657  67.9256  142.454  164.45  119.531  
162.786  13.5662  21.9726  80.865  -54.3873  65.5251  110.114  23.03  188.746  -41.6996  267.912  179.946  50.8787  162.019  178.941  116.692  
163.019  13.352  21.6404  81.2192  -54.4011  65.5251  110.085  23.03  188.618  -41.719  268.11  180.182  51.0123  161.868  178.633  116.362  
163.019  13.2948  21.4568  81.2229  -54.4011  65.5226  110.085  22.6152  188.618  -41.8078  268.135  180.182  51.0373  161.959  178.595  116.308  
170.805  39.9349  51.7891  67.3625  -61.7408  60.2429  104.737  18.4453  163.801  -45.1705  233.231  165.061  14.9557  156.194  161.891  111.965  
170.989  39.9349  51.7371  67.52  -61.7408  60.2429  104.793  18.5294  163.647  -45.1705  233.13  164.897  14.9375  156.194  161.891  112.167  
171.02  40.0919  51.3489  67.5881  -61.7745  60.1845  104.798  18.5294  163.54  -45.4603  232.89  164.932  14.9375  156.132  161.58  112.167  
147.81  41.3302  78.0704  37.003  -53.0479  27.9431  93.3349  16.9204  120.608  -55.1635  165.367  139.349  34.5438  144.408  109.975  95.8888  
147.81  42.0733  78.0324  37.5928  -50.0024  27.9431  93.013  16.9204  121.392  -54.8084  166.936  138.56  35.3375  144.136  109.985  95.35  
147.366  42.2108  75.8791  37.5928  -50.0024  27.5234  93.013  16.2585  121.703  -54.8084  168.504  138.423  35.7031  143.639  110.225  96.0121  
123.657  34.8763  56.0429  30.0027  -36.7234  20.2992  80.8338  18.6959  77.1551  -49.9083  84.696  117.998  17.7408  93.2033  64.1607  97.1234  
123.657  35.5217  54.8669  30.0027  -41.8181  20.0699  77.8179  18.6959  75.6671  -50.2175  82.0961  117.952  16.4522  89.3094  62.4618  92.0867  
117.328  36.8198  50.4051  29.785  -41.8181  17.6284  78.88  17.263  74.6035  -50.2175  83.0443  118.018  20.4145  87.9206  61.9081  90.6515  

136.18  35.445  -20.8759  34.6628  -24.1879  22.4224  134.765  -19.8593  186.053  -57.8925  259.51  188.08  102.942  95.146  127.338  116.44  
135.434  35.6148  -20.8759  34.4716  -24.1879  22.4511  134.778  -19.947  186.185  -58.0148  259.625  188.655  102.942  94.4683  127.517  116.44  
135.349  35.8419  -21.0179  34.4716  -24.1593  22.4717  134.778  -19.8931  186.247  -58.1386  259.657  188.655  102.926  94.5809  127.517  116.266  
150.258  22.7229  -12.4538  32.4136  -28.9189  60.8081  135.311  -13.574  190.885  -48.1378  279.083  175.877  93.2586  116.829  174.279  127.272  
149.994  22.7229  -12.3879  32.484  -28.8511  60.9193  135.311  -13.4885  190.977  -48.0058  279.107  175.873  93.2268  116.998  174.279  126.871  
150.055  22.6163  -12.3879  32.5144  -28.8511  60.9193  135.237  -13.4553  190.977  -48.0058  279.107  175.873  93.0182  117.003  173.976  126.829  
165.723  38.1923  19.8255  33.3624  -35.4868  50.9728  130.325  -10.9769  180.211  -37.193  269.518  163.52  74.6527  125.194  165.323  117.469  
165.723  37.9884  19.8378  33.4294  -35.4868  50.9728  130.467  -11.0501  179.869  -37.193  269.486  163.52  74.7106  125.345  165.133  117.718  
165.479  38.0352  19.8378  33.4294  -35.6067  50.8101  130.467  -11.026  179.835  -37.478  269.521  163.401  74.7106  125.355  164.969  117.718  
167.387  47.1628  31.0864  26.1381  -43.6414  36.3271  125.94  -13.1132  143.202  -46.241  219.848  139.814  56.0224  105.477  118.626  96.115  
167.253  46.9586  31.3959  26.1919  -43.7688  36.3011  125.94  -13.6483  143.056  -46.5266  219.737  139.981  55.7853  105.473  118.744  96.1402  
167.304  46.9465  31.3959  26.1919  -43.8055  36.2963  125.748  -13.6328  143.171  -46.5026  219.61  140.048  55.5518  105.252  118.76  96.1402  
142.479  51.7306  34.7379  13.4191  -35.0968  0.267877  94.9719  -14.9778  101.947  -42.9803  143.434  107.37  70.9257  92.3497  79.1481  86.3182  
142.479  52.9254  33.6079  14.3494  -39.8342  -0.462598  94.9633  -15.0234  101.315  -43.9487  143.434  110.72  70.9257  93.6055  79.749  90.6573  
142.028  52.9254  33.7848  15.0549  -35.6404  -0.462598  95.3083  -15.7415  101.315  -43.9487  143.434  111.088  69.5407  93.6055  79.749  90.6573  

